0,424.6502924570814,-224.46365110808983,-440.9179551480338,-176.65501694427803,-131.79849142907187,238.63130370154977,352.1708441898227,218.8430460751988,108.32589517813176,-340.3831214644015,-601.0405841143802,-97.4503117846325,-472.4614425865002,147.66690373653546,91.36503740213811,328.13163836253807
0.016666666666666666,425.8035719181494,-231.02980606583512,-447.5825464260565,-176.82135257289747,-128.34670430632158,244.33477721368777,358.8115680323879,219.43060993660467,102.0699532798937,-342.68695205937024,-594.3763517608951,-97.63045501433197,-469.4539846203919,141.717143991257,87.8205906066762,322.48528189499336
0.03333333333333333,426.95685137921737,-237.5959610235804,-454.24713770407925,-176.9876882015169,-124.89491718357128,250.03825072582578,365.4522918749532,220.01817379801054,95.81401138165563,-344.990782654339,-587.71211940741,-97.81059824403144,-466.4465266542836,135.76738424597852,84.2761438112143,316.83892542744866
0.05,428.11013084028536,-244.16211598132568,-460.911728982102,-177.15402383013634,-121.44313006082098,255.74172423796378,372.0930157175184,220.6057376594164,89.55806948341757,-347.29461324930776,-581.0478870539249,-97.9907414737309,-463.4390686881753,129.81762450070005,80.73169701575239,311.19256895990395
0.06666666666666667,429.26341030135336,-250.72827093907097,-467.57632026012465,-177.32035945875577,-117.99134293807069,261.4451977501018,378.7337395600837,221.19330152082227,83.3021275851795,-349.5984438442765,-574.3836547004398,-98.17088470343037,-460.43161072206703,123.86786475542158,77.18725022029048,305.54621249235925
0.08333333333333333,430.41668976242136,-257.2944258968163,-474.2409115381473,-177.4866950873752,-114.5395558153204,267.14867126223976,385.3744634026489,221.78086538222814,77.04618568694144,-351.9022744392453,-567.7194223469547,-98.35102793312984,-457.42415275595874,117.91810501014311,73.64280342482857,299.89985602481454
0.1,431.56996922348935,-263.8605808545616,-480.90550281617004,-177.65303071599465,-111.0877686925701,272.85214477437773,392.0151872452142,222.368429243634,70.79024378870338,-354.20610503421403,-561.0551899934696,-98.53117116282931,-454.4166947898504,111.96834526486464,70.09835662936666,294.2534995572698
0.11666666666666667,432.72324868455735,-270.4267358123069,-487.5700940941927,-177.81936634461408,-107.6359815698198,278.5556182865157,398.65591108777943,222.95599310503988,64.53430189046531,-356.5099356291828,-554.3909576399845,-98.71131439252878,-451.4092368237421,106.01858551958617,66.55390983390475,288.60714308972507
0.13333333333333333,433.87652814562534,-276.9928907700522,-494.2346853722154,-177.98570197323352,-104.18419444706952,284.2590917986537,405.2966349303447,223.54355696644575,58.27835999222726,-358.81376622415155,-547.7267252864995,-98.89145762222824,-448.4017788576338,100.0688257743077,63.009463038442846,282.96078662218036
0.15,435.02980760669334,-283.5590457277975,-500.89927665023805,-178.15203760185295,-100.73240732431923,289.96256531079166,411.93735877290993,224.13112082785162,52.0224180939892,-361.1175968191203,-541.0624929330144,-99.07160085192771,-445.3943208915255,94.11906602902923,59.46501624298094,277.31443015463566
0.16666666666666666,436.18308706776133,-290.12520068554284,-507.5638679282607,-178.3183732304724,-97.28062020156894,295.66603882292964,418.5780826154752,224.7186846892575,58.27835999222726,-363.42142741408907,-534.3982605795293,-99.25174408162718,-442.38686292541723,88.16930628375076,55.92056944751903,271.66807368709095
0.18333333333333332,437.33636652882933,-296.69135564328815,-514.2284592062834,-178.48470885909182,-93.82883307881865,301.3695123350676,425.21880645804043,225.30624855066335,64.53430189046531,-365.7252580090578,-527.7340282260442,-99.43188731132665,-439.37940495930894,82.21954653847229,52.37612265205712,266.02171721954625
0.2,438.4896459898973,-303.25751060103346,-520.8930504843062,-178.65104448771126,-90.37704595606834,307.0729858472056,431.8595303006057,225.89381241206922,70.79024378870338,-368.0290886040266,-521.0697958725591,-99.61203054102612,-436.3719469932006,76.26978679319382,55.920569447519036,260.3753607520015
0.21666666666666667,439.6429254509653,-309.82366555877877,-527.5576417623289,-178.8173801163307,-86.92525883331805,312.77645935934356,438.50025414317093,226.4813762734751,77.04618568694143,-370.33291919899534,-514.405563519074,-99.79217377072558,-433.3644890270923,70.32002704791535,59.465016242980944,254.72900428445675
0.23333333333333334,440.7962049120333,-316.3898205165241,-534.2222330403516,-178.98371574495013,-83.47347171056776,318.47993287148154,445.1409779857362,227.06894013488096,83.30212758517948,-372.6367497939641,-507.74133116558886,-99.97231700042505,-430.357031060984,64.37026730263688,63.00946303844285,249.08264781691202
0.25,441.9494843731013,-322.9559754742694,-540.8868243183744,-179.15005137356957,-80.02168458781748,324.1834063836195,451.78170182830144,227.65650399628683,89.55806948341753,-374.94058038893286,-501.0770988121037,-100.15246023012452,-427.3495730948757,58.42050755735841,66.55390983390477,243.43629134936728
0.26666666666666666,443.1027638341693,-329.5221304320147,-547.5514155963971,-179.316387002189,-76.56989746506719,329.8868798957575,458.4224256708667,228.2440678576927,95.81401138165558,-377.2444109839016,-494.41286645861857,-100.33260345982399,-424.34211512876743,52.47074781207995,70.09835662936668,237.78993488182255
0.2833333333333333,444.2560432952373,-336.08828538976,-554.2160068744198,-179.48272263080844,-73.1181103423169,335.59035340789546,465.06314951343194,228.83163171909857,102.06995327989362,-379.5482415788704,-487.7486341051334,-100.51274668952345,-421.33465716265914,58.42050755735841,73.64280342482859,232.1435784142778
0.3,445.4093227563053,-342.65444034750533,-560.8805981524425,-179.64905825942787,-69.6663232195666,341.29382692003344,471.7038733559972,229.41919558050444,108.32589517813167,-381.85207217383913,-481.0844017516483,-100.69288991922292,-418.32719919655085,64.37026730263688,77.1872502202905,226.49722194673308
0.31666666666666665,446.5626022173733,-349.22059530525064,-567.5451894304653,-179.8153938880473,-72.89444320067575,335.4608443354539,478.34459719856244,230.0067594419103,114.58183707636972,-384.1559027688079,-474.4201693981631,-100.87303314892239,-415.31974123044256,70.32002704791533,80.7316970157524,220.85086547918834
0.3333333333333333,447.7158816784413,-355.78675026299595,-574.209780708488,-179.98172951666675,-76.1225631817849,329.62786175087433,484.9853210411277,230.59432330331617,120.83777897460777,-386.45973336377665,-467.755937044678,-101.05317637862186,-412.31228326433427,76.26978679319379,84.27614381121431,215.2045090116436
0.35,448.8691611395093,-362.35290522074126,-580.8743719865107,-180.14806514528618,-79.35068316289404,323.7948791662948,491.62604488369294,231.18188716472204,127.09372087284582,-388.7635639587454,-461.09170469119283,-101.23331960832132,-409.304825298226,82.21954653847224,87.82059060667622,209.55815254409887
0.36666666666666664,450.0224406005773,-368.9190601784866,-587.5389632645334,-180.31440077390562,-82.57880314400319,317.9618965817152,498.2667687262582,231.7694510261279,133.34966277108387,-391.06739455371417,-454.4274723377077,-101.41346283802079,-406.2973673321177,88.1693062837507,91.36503740213813,203.91179607655414
0.3833333333333333,451.1757200616453,-375.4852151362319,-594.2035545425562,-180.48073640252505,-85.80692312511233,312.12891399713567,504.90749256882344,232.35701488753378,139.60560466932193,-393.3712251486829,-447.76323998422254,-101.59360606772026,-403.2899093660094,94.11906602902916,94.90948419760004,198.2654396090094
0.4,452.32899952271333,-382.0513700939772,-600.8681458205789,-180.6470720311445,-89.0350431062215,306.2959314125561,511.5482164113887,232.94457874893965,145.86154656756,-395.6750557436517,-441.0990076307374,-101.77374929741973,-400.28245139990105,100.06882577430764,98.45393099306196,192.61908314146464
0.4166666666666667,453.4822789837813,-388.6175250517225,-607.5327370986016,-180.81340765976393,-92.26316308733064,300.46294882797656,518.1889402539539,233.53214261034552,152.11748846579806,-397.97888633862044,-434.43477527725224,-101.9538925271192,-397.2749934337927,106.0185855195861,101.99837778852387,186.9727266739199
0.43333333333333335,454.6355584448493,-395.1836800094678,-614.1973283766243,-180.97974328838336,-95.49128306843978,294.629966243397,524.8296640965191,234.11970647175139,158.37343036403612,-395.6750557436517,-427.7705429237671,-102.13403575681866,-394.2675354676844,111.96834526486455,105.54282458398578,181.32637020637517
0.45,455.7888379059173,-388.6175250517225,-607.5327370986016,-181.1460789170028,-98.71940304954893,288.79698365881745,531.4703879390843,234.70727033315725,164.6293722622742,-393.3712251486829,-421.10631057028195,-102.31417898651813,-391.2600775015761,117.91810501014301,109.08727137944769,175.68001373883044
0.4666666666666667,456.9421173669853,-382.0513700939772,-600.8681458205789,-181.31241454562223,-101.94752303065808,282.9640010742379,538.1111117816495,235.29483419456312,160.91890413744943,-387.83255466389113,-414.4420782167968,-102.4943222162176,-388.25261953546783,123.86786475542146,112.6317181749096,170.0336572712857
0.48333333333333334,458.0953968280533,-375.4852151362319,-594.2035545425562,-181.47875017424167,-105.17564301176722,277.13101848965835,544.7518356242147,235.882398055969,157.20843601262467,-382.29388417909934,-407.77784586331165,-102.67446544591706,-385.24516156935954,129.81762450069994,116.1761649703715,164.38730080374097
0.5,459.2486762891213,-368.9190601784866,-587.5389632645334,-181.6450858028611,-108.40376299287637,271.2980359050788,538.0852314850947,235.85352424927842,153.49796788779992,-376.75521369430754,-401.1136135098265,-102.85460867561653,-382.23770360325125,135.7673842459784,119.72061176583341,158.74094433619624
0.5166666666666666,460.4019557501893,-362.3529052207413,-580.8743719865107,-181.81142143148054,-111.63188297398551,265.46505332049924,531.4186273459748,235.82465044258785,149.7874997629752,-371.21654320951575,-394.4493811563414,-103.034751905316,-379.23024563714296,141.71714399125685,123.2650585612953,153.09458786865153
0.5333333333333333,461.55523521125735,-355.786750262996,-574.209780708488,-181.97775706009998,-114.86000295509467,259.6320707359197,524.7520232068548,235.79577663589728,146.07703163815043,-365.6778727247239,-387.78514880285627,-103.21489513501547,-376.2227876710346,147.66690373653532,126.80950535675723,147.44823140110677
0.55,462.7085146723254,-349.2205953052507,-567.5451894304653,-182.1440926887194,-118.08812293620383,253.79908815134013,518.0854190677348,235.7669028292067,142.36656351332567,-360.13920223993205,-381.1209164493711,-103.39503836471494,-377.4200411659733,141.10862434988962,130.35395215221914,141.801874933562
0.5666666666666667,463.8617941333934,-342.65444034750544,-560.8805981524425,-182.31042831733885,-121.31624291731298,247.9661055667606,511.4188149286149,235.73802902251614,138.65609538850094,-354.60053175514025,-374.45668409588603,-103.5751815944144,-378.61729466091197,134.55034496324396,133.89839894768105,136.1555184660173
0.5833333333333334,465.01507359446146,-336.08828538976013,-554.2160068744198,-182.47676394595828,-124.54436289842214,242.13312298218105,504.7522107894949,235.70915521582558,134.9456272636762,-349.0618612703484,-367.7924517424009,-103.75532482411387,-379.8145481558507,127.99206557659826,137.44284574314295,130.50916199847254
0.6,466.16835305552945,-329.5221304320149,-547.5514155963971,-182.64309957457772,-127.77248287953128,236.30014039760152,498.0856066503749,235.680281409135,131.23515913885146,-343.5231907855566,-361.1282193889158,-103.93546805381334,-381.0118016507893,121.43378618995261,140.98729253860486,124.86280553092783
0.6166666666666667,467.3216325165975,-322.95597547426956,-546.1154800593139,-189.15328648263085,-131.00060286064044,230.46715781302197,491.4190025112549,235.65140760244444,127.5246910140267,-337.98452030076476,-354.46398703543065,-104.1156112835128,-382.20905514572803,114.87550680330692,144.53173933406677,119.21644906338308
0.6333333333333333,468.4749119776655,-316.3898205165243,-544.6795445222308,-195.66347339068395,-134.22872284174957,224.63417522844244,484.75239837213496,235.62253379575387,123.81422288920196,-332.44584981597296,-347.79975468194556,-104.29575451321227,-383.4063086406667,108.31722741666127,148.07618612952868,113.57009259583836
0.65,469.62819143873355,-309.823665558779,-543.2436089851476,-202.17366029873708,-137.45684282285873,218.8011926438629,478.08579423301495,235.5936599890633,120.1037547643772,-326.9071793311811,-341.1355223284604,-104.47589774291174,-384.6035621356054,101.75894803001557,151.6206329249906,107.92373612829361
0.6666666666666666,470.78147089980155,-303.25751060103374,-541.8076734480645,-208.68384720679018,-140.68496280396786,212.96821005928336,471.419190093895,235.56478618237273,116.39328663955246,-321.3685088463893,-334.4712899749753,-104.65604097261121,-385.80081563054404,95.20066864336992,155.1650797204525,102.27737966074889
0.6833333333333333,471.9347503608696,-296.69135564328843,-540.3717379109813,-215.1940341148433,-143.91308278507702,207.1352274747038,464.752585954775,235.53591237568216,112.6828185147277,-315.82983836159747,-327.8070576214902,-104.83618420231068,-386.99806912548274,88.64238925672423,158.7095265159144,96.63102319320414
0.7,473.0880298219376,-290.1252006855432,-538.9358023738982,-221.7042210228964,-147.14120276618615,201.30224489012429,458.08598181565503,235.5070385689916,108.97235038990296,-310.2911678768057,-321.1428252680051,-105.01632743201014,-388.1953226204214,82.08410987007858,162.2539733113763,90.98466672565942
0.7166666666666667,474.24130928300565,-283.55904572779787,-537.499866836815,-228.21440793094953,-150.3693227472953,195.46926230554473,451.419377676535,235.47816476230102,105.2618822650782,-304.7524973920138,-314.47859291451994,-105.19647066170961,-389.3925761153601,75.52583048343288,165.79842010683822,85.33831025811467
0.7333333333333333,475.39458874407364,-276.9928907700526,-536.063931299732,-234.72459483900263,-153.59744272840445,189.6362797209652,444.75277353741507,235.44929095561045,101.55141414025346,-299.213826907222,-307.81436056103485,-105.37661389140908,-390.58982961029875,68.96755109678723,169.34286690230013,79.69195379056995
0.75,476.5478682051417,-270.4267358123073,-534.6279957626488,-241.23478174705576,-156.8255627095136,183.80329713638565,438.08616939829506,235.42041714891988,97.8409460154287,-293.6751564224302,-301.1501282075497,-105.55675712110855,-391.78708310523746,62.40927171014154,172.88731369776204,74.0455973230252
0.7666666666666666,477.7011476662097,-263.86058085456204,-533.1920602255657,-247.74496865510886,-160.05368269062274,177.97031455180613,431.4195652591751,235.3915433422293,94.13047789060396,-288.1364859376384,-294.4858958540646,-105.73690035080801,-392.9843366001761,55.85099232349589,176.43176049322395,68.39924085548049
0.7833333333333333,478.85442712727775,-257.29442589681673,-531.7561246884825,-254.255155563162,-163.2818026717319,172.13733196722657,424.7529611200551,235.36266953553874,90.4200097657792,-282.59781545284653,-287.82166350057946,-105.91704358050748,-394.18159009511476,62.40927171014158,179.97620728868586,62.75288438793574
0.8,480.0077065883458,-250.72827093907142,-530.3201891513993,-260.76534247121515,-166.50992265284106,166.30434938264702,418.0863569809351,235.33379572884817,86.70954164095444,-277.0591449680547,-281.1574311470943,-106.09718681020695,-395.3788435900534,68.96755109678728,183.52065408414776,57.10652792039099
0.8166666666666667,481.1609860494138,-244.16211598132617,-528.8842536143162,-267.2755293792682,-169.7380426339502,160.4713667980675,411.4197528418151,235.3049219221576,82.9990735161297,-271.5204744832629,-274.4931987936092,-106.27733003990642,-396.57609708499206,75.52583048343293,187.06510087960967,51.460171452846275
0.8333333333333334,482.31426551048185,-237.59596102358086,-527.448318077233,-273.78571628732135,-172.96616261505935,154.63838421348794,404.7531487026951,235.27604811546703,79.28860539130494,-265.98180399847104,-267.8289664401241,-106.45747326960588,-397.7733505799307,82.08410987007862,190.6095476750716,57.106527920391024
0.85,483.46754497154984,-231.0298060658356,-526.0123825401499,-280.2959031953744,-176.19428259616848,148.8054016289084,398.08654456357516,235.24717430877647,75.5781372664802,-260.44313351367924,-261.164734086639,-106.63761649930535,-398.97060407486936,88.64238925672427,194.15399447053352,62.75288438793574
0.8666666666666667,484.6208244326179,-224.4636511080903,-524.5764470030667,-286.80609010342755,-179.42240257727764,142.97241904432886,391.41994042445515,235.2183005020859,71.86766914165544,-254.90446302888742,-254.50050173315384,-106.81775972900482,-400.167857569808,95.20066864336997,187.48802740910733,62.84946378752922
0.8833333333333333,485.7741038936859,-217.89749615034503,-523.14051146598365,-293.3162770114806,-182.65052255838677,137.13943645974933,384.7533362853352,235.18942669539533,68.1572010168307,-249.36579254409563,-247.83626937966875,-106.99790295870429,-401.36511106474666,101.75894803001562,180.8220603476812,62.9460431871227
0.9,486.92738335475394,-211.33134119259972,-521.7045759289005,-299.82646391953375,-185.87864253949593,131.30645387516978,378.0867321462152,235.16055288870476,64.44673289200594,-243.8271220593038,-241.1720370261836,-107.17804618840375,-402.5623645596853,108.31722741666131,174.15609328625501,63.04262258671618
0.9166666666666666,488.08066281582194,-204.76518623485447,-520.2686403918174,-306.3366508275868,-189.10676252060506,125.47347129059025,371.42012800709523,235.1316790820142,60.736264767181204,-238.288451574512,-234.5078046726985,-107.35818941810322,-403.75961805462396,114.87550680330696,167.49012622482888,63.13920198630966
0.9333333333333333,489.23394227689,-198.19903127710916,-518.8327048547342,-312.84683773563995,-192.33488250171422,119.64048870601069,364.7535238679752,235.10280527532362,57.02579664235644,-232.7497810897202,-227.84357231921337,-107.53833264780269,-404.9568715495626,121.43378618995266,160.8241591634027,63.23578138590314
0.95,490.387221737958,-191.6328763193639,-517.3967693176511,-319.357024643693,-195.56300248282335,113.80750612143116,358.08691972885526,235.07393146863305,53.315328517531704,-227.2111106049284,-221.17933996572827,-107.71847587750216,-406.15412504450126,127.99206557659831,154.15819210197657,63.33236078549662
0.9666666666666667,491.54050119902604,-185.0667213616186,-515.9608337805679,-325.86721155174615,-198.7911224639325,107.97452353685159,351.42031558973525,235.04505766194248,57.02579664235647,-221.67244012013657,-214.51510761224313,-107.89861910720163,-407.3513785394399,134.55034496324402,147.49222504055038,63.4289401850901
0.9833333333333333,492.69378066009403,-178.50056640387334,-514.5248982434848,-332.3773984597992,-202.01924244504164,102.14154095227207,344.7537114506153,235.0161838552519,60.736264767181204,-216.13376963534478,-207.85087525875804,-108.0787623369011,-408.54863203437856,141.10862434988968,140.82625797912425,63.52551958468358
1,493.8470601211621,-171.93441144612802,-513.0889627064016,-338.88758536785235,-205.2473624261508,96.3085583676925,338.0871073114953,234.98731004856134,64.44673289200597,-210.59509915055295,-201.1866429052729,-108.25890556660056,-409.7458855293172,147.66690373653537,134.16029091769806,63.62209898427706
1.0166666666666666,495.0003395822301,-165.36825648838277,-511.6530271693185,-345.3977722759054,-208.47548240725993,90.47557578311297,331.42050317237533,234.95843624187077,68.15720101683071,-205.05642866576116,-194.5224105517878,-108.43904879630003,-410.94313902425586,154.225183123181,127.49432385627192,63.71867838387054
1.0333333333333332,496.1536190432981,-158.80210153063751,-510.21709163223534,-351.9079591839585,-211.70360238836906,84.64259319853345,324.7538990332554,234.9295624351802,71.86766914165545,-199.51775818096937,-187.8581781983027,-108.6191920259995,-412.1403925191945,160.78346250982668,120.82835679484577,63.81525778346402
1.05,497.30689850436613,-152.23594657289215,-508.7811560951522,-358.4181460920117,-214.93172236947825,78.80961061395385,318.0872948941353,234.90068862848963,75.57813726648024,-193.97908769617752,-181.1939458448175,-108.79933525569896,-413.3376460141332,167.34174189647243,114.16238973341954,63.9118371830575
1.0666666666666667,498.4601779654341,-145.6697916151469,-507.34522055806906,-364.92833300006475,-218.15984235058738,72.97662802937433,311.42069075501536,234.87181482179906,79.28860539130498,-188.44041721138572,-174.52971349133242,-108.97947848539843,-414.53489950907186,173.90002128311806,107.4964226719934,64.00841658265098
1.0833333333333333,499.6134574265021,-139.10363665740164,-505.9092850209859,-371.4385199081178,-221.3879623316965,67.1436454447948,304.7540866158954,234.8429410151085,82.99907351612973,-182.90174672659393,-167.86548113784733,-109.1596217150979,-415.7321530040105,180.45830066976373,100.83045561056726,64.10499598224446
1.1,500.7667368875702,-132.53748169965627,-504.4733494839028,-377.948706816171,-224.6160823128057,61.310662860215196,298.08748247677534,234.81406720841792,86.70954164095451,-177.36307624180208,-161.20124878436212,-109.33976494479737,-416.9294064989492,187.01658005640948,94.16448854914103,64.20157538183794
1.1166666666666667,501.92001634863817,-125.971326741911,-503.03741394681964,-384.4588937242241,-227.84420229391483,55.47768027563567,291.4208783376554,234.78519340172735,90.42000976577926,-171.82440575701028,-167.0889376082143,-106.21253537888279,-418.12665999388787,193.57485944305512,87.49852148771488,64.29815478143142
1.1333333333333333,503.07329580970617,-119.40517178416573,-501.6014784097365,-390.96908063227716,-231.07232227502396,61.310662860215196,284.7542741985354,234.75631959503679,94.130477890604,-166.2857352722185,-172.9766264320665,-103.08530581296822,-419.3239134888265,200.13313882970078,80.83255442628874,64.3947341810249
1.15,509.64772084820396,-120.51033234155875,-500.16554287265336,-397.4792675403302,-234.3004422561331,67.14364544479473,278.0876700594155,234.72744578834622,97.84094601542874,-160.7470647874267,-178.86431525591868,-99.95807624705364,-420.52116698376517,206.69141821634645,74.1665873648626,64.49131358061838
1.1666666666666667,516.2221458867018,-121.61549289895179,-498.7296073355702,-390.96908063227704,-237.52856223724228,72.97662802937434,271.4210659202954,234.69857198165565,101.55141414025353,-155.20839430263484,-184.75200407977096,-96.83084668113904,-421.7184204787039,213.2496976029922,67.50062030343636,64.58789298021186
1.1833333333333333,522.7965709251996,-122.7206534563448,-497.2936717984871,-384.45889372422397,-240.75668221835141,78.80961061395386,264.75446178117545,234.66969817496508,105.26188226507827,-149.66972381784305,-190.63969290362314,-93.70361711522446,-422.9156739736425,219.80797698963784,60.83465324201022,64.68447237980534
1.2,529.3709959636974,-123.82581401373783,-495.85773626140394,-377.9487068161709,-243.98480219946055,84.64259319853339,258.0878576420555,234.6408243682745,108.97235038990301,-144.13105333305126,-196.52738172747533,-90.57638754930989,-424.1129274685812,226.3662563762835,54.168686180584075,64.78105177939882
1.2166666666666666,535.9454210021952,-124.93097457113085,-494.4218007243208,-371.4385199081178,-247.21292218056968,90.47557578311292,251.42125350293554,234.61195056158394,112.68281851472776,-138.59238284825946,-202.41507055132752,-87.44915798339531,-425.3101809635198,232.92453576292917,60.83465324201022,64.8776311789923
1.2333333333333334,542.5198460406931,-126.03613512852388,-492.98586518723766,-364.92833300006464,-250.44104216167887,96.30855836769253,244.7546493638155,234.58307675489337,116.39328663955254,-133.0537123634676,-208.3027593751798,-84.3219284174807,-426.50743445845853,239.48281514957492,67.50062030343645,64.97421057858578
1.25,549.0942710791909,-127.1412956859169,-491.5499296501545,-358.41814609201157,-253.669162142788,102.14154095227205,238.08804522469555,234.5542029482028,120.10375476437729,-127.51504187867582,-214.19044819903198,-81.19469885156613,-427.7046879533972,246.04109453622056,74.1665873648626,65.07078997817926
1.2666666666666666,555.6686961176887,-128.24645624330992,-490.1139941130714,-351.9079591839585,-256.8972821238971,107.97452353685158,231.4214410855756,234.52532914151223,123.81422288920203,-121.97637139388402,-220.07813702288416,-78.06746928565155,-428.90194144833583,252.59937392286622,80.83255442628874,65.16736937777274
1.2833333333333332,562.2431211561865,-129.35161680070294,-488.67805857598825,-345.3977722759054,-260.1254021050063,113.8075061214311,224.75483694645564,234.49645533482166,127.52469101402677,-116.43770090909223,-225.96582584673635,-74.94023971973698,-430.0991949432745,259.1576533095119,87.49852148771488,65.26394877736622
1.3,568.8175461946844,-130.456777358096,-487.2421230389051,-338.88758536785224,-263.35352208611545,119.64048870601071,218.0882328073356,234.4675815281311,131.23515913885157,-110.89903042430036,-231.85351467058862,-71.81301015382238,-431.2964484382132,265.7159326961576,94.16448854914111,65.3605281769597
1.3166666666666667,575.3919712331822,-131.561937915489,-485.80618750182197,-332.37739845979917,-266.5816420672246,125.47347129059024,211.42162866821565,234.43870772144052,134.9456272636763,-105.36035993950857,-237.7412034944408,-68.6857805879078,-432.49370193315184,272.2742120828033,100.83045561056726,65.45710757655318
1.3333333333333333,581.96639627168,-132.66709847288203,-484.3702519647388,-325.8672115517461,-269.80976204833377,131.30645387516978,204.7550245290957,234.40983391474995,138.65609538850103,-99.82168945471678,-243.628892318293,-65.55855102199322,-433.6909554280905,278.83249146944894,107.4964226719934,65.55368697614666
1.35,588.5408213101779,-133.77225903027508,-482.9343164276557,-319.3570246436929,-273.0378820294429,137.1394364597494,198.08842038997565,234.38096010805938,142.36656351332581,-94.28301896992491,-249.51658114214527,-62.431321456078614,-434.8882089230292,285.39077085609466,114.16238973341963,65.650266375740145
1.3666666666666667,595.1152463486757,-134.8774195876681,-481.49838089057255,-312.84683773563984,-276.2660020105521,142.97241904432892,191.4218162508557,234.35208630136881,146.07703163815054,-88.74434848513312,-255.40426996599746,-59.304091890164045,-436.08546241796785,291.9490502427403,120.82835679484577,65.74684577533363
1.3833333333333333,601.6896713871735,-135.98258014506112,-480.0624453534894,-306.33665082758677,-279.49412199166125,148.80540162890844,184.75521211173574,234.32321249467824,149.78749976297527,-83.20567800034132,-261.2919587898496,-56.17686232424948,-437.2827159129065,298.507329629386,127.49432385627192,65.8434251749271
1.4,608.2640964256713,-137.08774070245414,-478.62650981640627,-299.8264639195337,-282.7222419727704,154.63838421348797,178.0886079726158,234.29433868798768,153.4979678878,-77.66700751554953,-267.1796476137018,-53.04963275833491,-438.47996940784515,305.06560901603166,134.16029091769806,65.94000457452059
1.4166666666666667,614.8385214641692,-138.1929012598472,-477.19057427932313,-293.3162770114805,-285.95036195387956,160.47136679806758,171.42200383349575,234.2654648812971,157.2084360126248,-72.12833703075766,-273.06733643755405,-56.17686232424952,-439.67722290278385,311.6238884026774,140.8262579791243,66.03658397411407
1.4333333333333333,608.2640964256714,-139.2980618172402,-475.75463874224,-286.80609010342744,-289.1784819349887,166.3043493826471,164.7553996943758,234.23659107460654,160.91890413744952,-66.58966654596587,-278.9550252614062,-59.30409189016409,-440.8744763977225,318.18216778932305,147.49222504055044,66.13316337370755
1.45,601.6896713871736,-140.40322237463323,-474.31870320515685,-280.29590319537436,-292.4066019160979,172.13733196722663,158.08879555525584,234.20771726791597,164.62937226227425,-61.05099606117408,-284.84271408525836,-62.431321456078656,-442.07172989266115,324.7404471759687,154.15819210197657,66.22974277330103
1.4666666666666666,595.1152463486758,-141.50838293202625,-472.8827676680737,-273.7857162873213,-295.63472189720704,177.97031455180615,151.4221914161359,234.1788434612254,168.33984038709897,-55.512325576382295,-290.7304029091105,-65.55855102199322,-443.2689833875998,331.2987265626144,160.8241591634027,66.3263221728945
1.4833333333333334,588.5408213101779,-142.6135434894193,-471.4468321309906,-267.2755293792681,-298.8628418783162,183.80329713638577,144.75558727701585,234.14996965453483,172.05030851192376,-61.05099606117416,-296.6180917329628,-68.68578058790783,-444.4662368825385,337.8570059492601,167.49012622482894,66.42290157248799
1.5,581.9663962716801,-143.71870404681232,-470.01089659390743,-260.76534247121504,-302.09096185942536,189.6362797209653,138.0889831378959,234.12109584784426,175.7607766367485,-66.58966654596595,-302.50578055681495,-71.81301015382239,-445.66349037747716,344.41528533590576,174.15609328625507,66.51948097208147
1.5166666666666666,575.3919712331823,-144.82386460420534,-468.5749610568243,-254.25515556316194,-305.3190818405345,195.46926230554482,131.42237899877594,234.0922220411537,179.47124476157322,-72.12833703075775,-308.3934693806671,-74.94023971973695,-446.8607438724158,350.97356472255143,180.8220603476812,66.61606037167495
1.5333333333333332,568.8175461946845,-145.92902516159836,-467.13902551974115,-247.74496865510883,-308.5472018216437,201.30224489012434,124.75577485965599,234.06334823446312,183.18171288639795,-77.66700751554954,-314.2811582045193,-78.06746928565151,-448.05799736735446,357.5318441091971,187.48802740910733,66.71263977126843
1.55,562.2431211561866,-147.0341857189914,-465.703089982658,-241.23478174705565,-311.77532180275284,207.13522747470395,118.08917072053595,234.03447442777255,186.89218101122273,-83.20567800034141,-320.16884702837154,-81.19469885156612,-449.25525086229317,364.0901234958428,194.15399447053358,66.80921917086191
1.5666666666666667,555.6686961176888,-148.13934627638443,-464.2671544455749,-234.72459483900255,-315.003441783862,212.96821005928348,111.42256658141599,234.00560062108198,190.60264913604746,-88.7443484851332,-326.0565358522237,-84.32192841748068,-450.4525043572318,370.6484028824885,200.8199615319597,66.90579857045539
1.5833333333333333,549.094271079191,-149.24450683377745,-462.83121890849173,-228.21440793094945,-318.23156176497116,218.801192643863,104.75596244229604,233.9767268143914,194.3131172608722,-94.283018969925,-331.94422467607586,-87.44915798339524,-451.64975785217047,377.20668226913415,207.48592859338584,67.00237797004887
1.6,542.5198460406931,-150.3496673911705,-461.3952833714086,-221.70422102289626,-321.4596817460803,224.63417522844261,98.089358303176,233.94785300770084,198.02358538569698,-99.82168945471686,-337.83191349992813,-90.57638754930984,-452.8470113471092,383.76496165577987,214.15189565481208,67.09895736964235
1.6166666666666667,535.9454210021953,-151.45482794856352,-459.95934783432546,-215.19403411484316,-324.6878017271895,230.46715781302214,91.42275416405604,233.91897920101027,201.7340535105217,-105.36035993950865,-343.7196023237803,-93.7036171152244,-454.0442648420478,390.32324104242554,220.8178627162382,67.19553676923583
1.6333333333333333,529.3709959636975,-152.55998850595654,-458.5234122972423,-208.68384720679006,-327.91592170829864,236.30014039760167,84.75615002493609,233.8901053943197,205.44452163534643,-110.89903042430045,-349.60729114763245,-96.83084668113896,-455.2415183369865,396.8815204290712,227.48382977766434,67.29211616882931
1.65,522.7965709251997,-153.66514906334956,-457.0874767601592,-202.17366029873696,-331.1440416894078,242.1331229821812,81.17541674370285,228.26669062986272,209.15498976017116,-116.43770090909224,-355.4949799714846,-99.95807624705353,-456.4387718319251,390.32324104242554,234.14979683909047,67.38869556842279
1.6666666666666667,516.2221458867018,-154.7703096207426,-455.65154122307604,-195.66347339068378,-334.37216167051696,247.9661055667608,77.59468346246958,222.64327586540566,212.86545788499595,-121.97637139388411,-361.3826687953369,-103.08530581296813,-457.63602532686383,383.7649616557798,240.8157639005167,67.48527496801627
1.6833333333333333,509.647720848204,-155.87547017813563,-454.2156056859929,-189.15328648263068,-337.6002816516261,253.79908815134033,74.01395018123634,217.01986110094867,216.57592600982068,-127.5150418786759,-367.27035761918904,-106.21253537888269,-458.8332788218025,377.20668226913415,247.48173096194284,67.58185436760975
1.7,503.0732958097062,-156.98063073552865,-452.77967014890976,-182.64309957457758,-340.8284016327353,259.63207073591985,70.4332169000031,211.3964463364917,220.2863941346454,-133.0537123634677,-373.1580464430412,-109.33976494479725,-460.03053231674113,370.6484028824885,254.14769802336897,67.67843376720323
1.7166666666666666,496.49887077120843,-158.08579129292167,-451.3437346118266,-176.13291266652448,-344.05652161384444,265.4650533204994,66.85248361876987,205.7730315720347,219.11357834917277,-139.61640598558586,-379.04573526689336,-112.46699451071181,-461.2277858116798,364.0901234958428,260.8136650847951,67.77501316679671
1.7333333333333334,489.9244457327105,-159.19095185031472,-449.9077990747435,-169.6227257584713,-347.2846415949536,271.298035905079,63.27175033753658,200.14961680757764,217.9407625637001,-146.1790996077041,-384.93342409074563,-115.59422407662642,-462.4250393066185,357.5318441091971,267.4796321462213,67.87159256639019
1.75,483.35002069421273,-160.29611240770774,-448.47186353766034,-163.1125388504182,-350.51276157606276,277.1310184896586,59.691017056303345,194.52620204312066,216.76794677822747,-152.74179322982226,-390.8211129145978,-118.72145364254098,-463.62229280155714,350.97356472255143,274.1455992076475,67.96817196598367
1.7666666666666666,476.77559565571494,-161.40127296510076,-455.1178645119462,-163.63705338237665,-353.7408815571719,282.9640010742381,56.11028377507011,188.90278727866368,215.59513099275483,-159.30448685194042,-386.52679759025017,-113.6221105143021,-464.8195462964958,344.41528533590576,280.81156626907364,68.06475136557715
1.7833333333333332,470.20117061721714,-162.50643352249378,-461.7638654862321,-164.1615679143351,-356.9690015382811,288.7969836588177,52.52955049383687,183.2793725142067,214.4223152072822,-165.86718047405859,-382.23248226590255,-108.52276738606321,-466.01679979143444,337.8570059492601,287.4775333304998,68.16133076517063
1.8,463.62674557871924,-163.61159407988683,-468.409866460518,-164.68608244629357,-360.19712151939024,294.6299662433973,56.11028377507015,177.65595774974963,213.24949942180953,-172.42987409617683,-377.93816694155487,-103.42342425782425,-459.455149068791,336.67836934772487,294.143500391926,68.25791016476411
1.8166666666666667,457.05232054022144,-164.71675463727985,-475.0558674348039,-165.21059697825203,-353.5529527773645,294.08273121899487,59.69101705630339,172.03254298529265,212.0766836363369,-178.992567718295,-373.64385161720725,-98.32408112958537,-452.8934983461477,335.49973274618964,300.80946745335217,68.35448956435759
1.8333333333333333,450.47789550172365,-165.82191519467287,-481.70186840908974,-165.7351115102105,-346.9087840353388,293.53549619459244,63.27175033753662,166.40912822083567,210.90386785086426,-185.55526134041315,-369.3495362928596,-93.22473800134648,-446.33184762350436,334.3210961446544,307.47543451477833,68.45106896395107
1.8499999999999999,443.90347046322586,-166.9270757520659,-488.3478693833756,-166.25962604216895,-340.26461529331306,292.98826117019,66.85248361876985,160.7857134563787,209.73105206539162,-192.11795496253131,-365.055220968512,-88.1253948731076,-439.77019690086104,333.1424595431192,314.1414015762045,68.54764836354455
1.8666666666666667,437.32904542472795,-168.03223630945894,-494.99387035766154,-166.7841405741274,-333.6204465512873,292.4410261457876,70.43321690000313,155.16229869192162,208.55823627991896,-198.68064858464956,-360.7609056441643,-83.02605174486865,-433.2085461782176,331.96382294158394,320.8073686376307,68.64422776313803
1.8833333333333333,430.75462038623016,-169.13739686685196,-501.6398713319474,-167.30865510608587,-326.97627780926155,291.89379112138516,74.01395018123637,149.53888392746464,207.38542049444632,-205.24334220676772,-356.4665903198167,-77.92670861662977,-426.6468954555743,330.7851863400487,327.47333569905686,68.74080716273151
1.9,424.18019534773237,-170.24255742424498,-508.2858723062333,-167.83316963804432,-320.3321090672358,291.34655609698274,77.5946834624696,143.91546916300766,206.21260470897369,-211.80603582888588,-352.1722749954691,-72.82736548839088,-420.08524473293096,329.6065497385135,334.139302760483,68.837386562325
1.9166666666666667,417.60577030923446,-171.34771798163803,-514.9318732805192,-168.35768417000278,-313.68794032521004,290.7993210725803,81.17541674370288,138.2920543985506,205.03978892350102,-218.36872945100413,-347.8779596711214,-67.72802236015193,-413.5235940102875,328.42791313697825,340.80526982190923,68.93396596191847
1.9333333333333333,411.03134527073667,-172.45287853903105,-521.577874254805,-168.88219870196124,-307.0437715831843,290.2520860481779,84.75615002493612,132.6686396340936,203.86697313802838,-224.9314230731223,-343.5836443467738,-62.62867923191304,-406.9619432876442,327.249276535443,347.4712368833354,69.03054536151195
